agbsb,1,2,3,4,5,6,7,8,9,10,11,12,13,14,15,16,17,18,19,20
agbta,1,2,3,4,5,6,7,8,9,10,11,12
baysb,1,2,3,4,5,6,7,8,9,10,11,12,13,14,15,16,17,18,19,20
bayta,1,2,3,4,5,6,7,8,9,10,11,12,13,14,15
baytc,1,2,3,4,5,6,7,8,9,10,11,12,13
blcb,2,4,7,8,9,10,11,12,13,14,15,17,18
blcsa,1,2,3,4,5,6,7,8,9,10,11,12,13,14,15,16,17,18,19,20,21,22,23,24,25,26,27
blct,1,2,3,4,5,6,7,8,9
bolb,4,5,6,8,10,11,12,14,15,16,17,18,20,21,22,23,24,25,26,27
carsb,1,2,3,4,5,6,7,8,9,10,11,12,13
carta,1,2,3,4,5,6,7,8,9,10,11,12,13,14,15,16,17,18,19,20
cudta,1,2,3,4,5,6,7,8,9,10,11,12,13,14,15,16,17
cudtb,1,2,3,4,5,6,7,8,9,10,11,12,13,14,15,16,17
dadta,1,2,3,4,5,6,7,8,9,10,11,12,13,14,15,16,17,18,19,20
dadtb,1,2,3,4,5,6,7,8,9,10,11,12,13,14,15,16,17,18,19,20,21,22,23,24
gamb,1,3,4,5,6,7,8,9,10,11,13,14,15,16,17
gamt,1,2,3,4,5,6,9,10,11,12,15,16,17
humb,1,2,3,4,5,6,8,10,11,12,13,14,15,17,18,19,20,21,22
humt,1,2,3,4,5,6,7,8,9,10,11,12,13,14,15,16,17,18,19,20
labb,1,2,3,4,5,6,7,8,9,10,11,12,13,14,15,16,17,18,19,20,21,22,24,25
labt,1,2,3,4,5,6,7,8,9,10,11,12,13,14,15,16,17,18,19,22,23,24,25,27,28,29,30,31,32,33,34,35,36,38,39
lipb,1,2,3,4,6,7,8,9,10,11,12,13,14,15,16,17,18,19,20,21,22,23,24,26,27,28,29,30
lipt,2,3,4,6,7,8,9,10,11,12,13,14,16,17,19,20,21,22,23,24,26,27,28,29
lunsa,1,2,3,4,5,6,7,8,9,10,11,12,13
luntb,1,2,3,4,5,6,7,8,9,10,11,12,13,14,15,16,17,18,19,20
luntc,1,2,3,4,5,6,7,8,9,10,11,12,13,14,15,16,17,18,19,20
magta,1,2,3,4,5,6,7,8,9,10,11,12,13,14,15,16,17,18,19,20,21,22,23,24,25
magtb,1,2,3,4,5,6,7,8,9,10,11,12,13,14,15,16,17,18,19,20,21,22,23
magtc,1,2,3,4,5,6,7,8,9,10,11,12,13,14,15,16,17,18,19,20,21
magtd,1,2,3,4,5,6,7,8,9,10,11,12,13,14,15,16,17,18,19
mamb,1,4,5,6,8,9,10,11,12,13,17,19,20,21,22,24,25,26,28
mamt,2,3,4,5,6,7,8,9,10,11,12,13,14,15,16,18,19,20,22,23
mcasb,1,2,3,4,5,6,7,8,9,10,11,12,13,14,15,16,17,18,19,20
mcata,1,2,3,4,5,6,7,8,9,10,11,12,13,14,15,16,17,18,19,20
mesta,1,2,3,4,5,6,7,8,9,10,11,12,13
nagsa,1,2,3,4,5,6,7,8,9,10,11,12,13,14,15,16,17,18,19,20
nagtb,1,2,3,4,5,6,7,8,9,10,11,12,13,14,15,16,17,18,19,20,21,22,23,24,25,26,27,28,29,30
nurta,1,2,3,4,5,6,7,8,9,10,11,12,13,14,15,16,17,18,19,20,21,22,23,24,25,26,27,28,29,30
nurtb,1,2,3,4,5,6,7,8,9,10,11,12,13,14,15,16,17,18,19,20,21,22,23,24
oslb,1,2,3,4,6,7,8,9,10,11,12,13,14,16,17,18,19,20
oslt,1,2,3,4,7,8,11,12,13,14,15,16,17,18,19,20,21
pepsb,1,2,3,4,5,6,7,8,9,10,11,12,13,14,15,16
pepta,1,2,3,4,5,6,7,8,9,10,11,12
peptc,1,2,3,4,5,6,7,8,9,10,11,12,13
plab,1,2,3,4,5,6,7,8,9,10,11,12,13,14,15,16,17,18,19,20,21,22,23,25,26,27,28,29,30,31,32,33,34,35,36,37,38
plat,1,2,3,4,5,6,7,8,9,10,11,12,14,15,17,19,20,22,29,30,31,32,33,34,35,37,38
pugb,2,3,4,5,6,7,8,11
pugt,2,4,5,8,9
sagta,1,2,3,4,5,6,7,8,9,10,11,12,13,14,15,16,17,18,19
sagtb,1,2,3,4,5,6,7,8,9,10,11,12,13,14,15,16,17,18,19,20
sibta,1,2,3,4,5,6,7,8,9,10
sibtb,1,2,3,4,5,6,7,8,9,10
sinb,1,2,3,4,5,8,17,19,22,23,26,27,28,29
sint,1,2,3,4,5,6,7,8,9,10,11,12,13,14,15,16,17,18,19,20,21,22,23,24,25,26,27,28
sinu,1,2,3,4,5,6,8,9,10,11,12,13,14,16,17,18,19,20,21,22,23,24,26,27,28
sumta,1,2,3,4,5,6,7,8,9,10,11,12,13,14,15
sumtb,1,2,3,4,5,6,7,8,9,10,11,12,13,14,15
tueta,1,2,3,4,5,6,7,8,9,10,11,12,13,14,15,16,17,18,19,20,21,22,23,24,25,26,27,28,29,30,31,32,33,34,35
tuetb,1,2,3,4,5,6,7,8,9,10,11,12,13,14,15,16,17,18,19,20,21,22,23,24,25,26,27,28,29,30,31,32
